30919	1
22700	2
6346	3
31560	4
6657	5
31627	6
31630	7
8326	8
31463	9
31589	10
31577	11
31597	12
31531	13
31528	14
31457	15
15566	16
31452	17
31640	18
31580	19
30916	20
31497	21
31500	22
31561	23
31624	24
31628	25
31445	26
31552	27
31549	28
31488	29
31522	30
31495	31
8072	32
15280	33
31613	34
31472	35
1330	36
31617	37
31596	38
31519	39
26764	40
588	41
7772	42
31442	43
31462	44
31548	45
15323	46
15279	47
30623	48
31556	49
31515	50
22648	51
8642	52
15557	53
31536	54
31496	55
31582	56
30917	57
31578	58
31501	59
31571	60
31541	61
10894	62
31518	63
31409	64
15298	65
31625	66
5038	67
31564	68
31465	69
31614	70
31514	71
31471	72
31542	73
31537	74
31521	75
31563	76
22716	77
22676	78
31464	79
31489	80
31570	81
31547	82
15264	83
31550	84
22649	85
31555	86
31590	87
31520	88
31459	89
31454	90
31447	91
21697	92
8324	93
31405	94
15556	95
31604	96
22739	97
6783	98
31633	99
22660	100
30337	101
30101	102
15380	103
22504	104
31479	105
5920	106
31637	107
31632	108
31583	109
31579	110
31600	111
31474	112
31399	113
15469	114
15555	115
31538	116
22658	117
15293	118
31558	119
8194	120
31467	121
22644	122
566	123
31493	124
31638	125
31534	126
31619	127
15467	128
31481	129
31451	130
31513	131
31486	132
25302	133
31517	134
15534	135
31566	136
31601	137
31584	138
31605	139
31539	140
31512	141
30915	142
31509	143
10888	144
31535	145
31573	146
31504	147
15332	148
15275	149
22668	150
31487	151
31591	152
31634	153
31540	154
31480	155
31592	156
31639	157
31473	158
31620	159
15390	160
31602	161
31446	162
9265	163
31618	164
31466	165
15468	166
21627	167
22663	168
31461	169
31516	170
31494	171
31629	172
31511	173
25119	174
31607	175
31508	176
31483	177
31603	178
31484	179
31453	180
31572	181
31606	182
31585	183
31491	184
31490	185
31545	186
31635	187
22705	188
31565	189
31586	190
30918	191
31557	192
15331	193
1713	194
31477	195
31525	196
22505	197
15657	198
5051	199
22721	200
31400	201
31641	202
31529	203
31476	204
30106	205
31478	206
31610	207
31503	208
31469	209
31449	210
46	211
31621	212
31532	213
31482	214
31593	215
22642	216
31448	217
15465	218
31568	219
31510	220
31608	221
31485	222
15330	223
31456	224
30084	225
31507	226
15336	227
31499	228
8325	229
31470	230
31468	231
31502	232
31636	233
31526	234
31533	235
31575	236
31475	237
15282	238
31587	239
15324	240
31599	241
2433	242
31567	243
31506	244
31492	245
22506	246
15300	247
31611	248
31543	249
31615	250
31443	251
31401	252
31622	253
15281	254
31455	255
31450	256
15565	257
31554	258
31559	259
22734	260
31626	261
31574	262
292	263
15498	264
15466	265
31460	266
31546	267
31569	268
31588	269
31631	270
31581	271
31562	272
31527	273
7657	274
31576	275
31505	276
21626	277
31609	278
21896	279
31594	280
31598	281
31612	282
15689	283
31530	284
26603	285
7663	286
31553	287
31458	288
31616	289
31498	290
31544	291
613	292
21650	293
22687	294
31623	295
31524	296
6786	297
15320	298
31595	299
31523	300
31551	301